Nx : 256
Ny : 256
dx : 0.7853981633974483
dy : 0.7853981633974483
dt : 0.1
Bx : 1.0
t : 1.0
v : 1.0
M : 1.0
n0 : -0.05